# Created by Octave 4.0.0, Mon May 23 16:25:54 2016 PDT <ralph@the-cloud.local>
# name: Theta1
# type: matrix
# rows: 32
# columns: 3
 -0.004733796280153024 -0.108987742557758 -0.0549932250027786
 0.07435032001025849 -0.03654820314815446 -0.0407991912331202
 0.06633699028908183 -0.02338363748658527 -0.08026056956376665
 0.03922787606685307 -0.05041671608701349 -0.09095664686073726
 -0.01476602259739411 -0.03010677070941895 0.09994001366777122
 0.09299538727697135 -0.004368757119850908 0.08137363109604925
 -0.06137710243962811 -0.06152892391808105 0.02902159253469253
 -0.03381926137850096 -0.02715913063047803 0.03606770032196138
 -0.007665837350605872 0.04016878555865167 0.09131466205093874
 -0.04966135334316926 0.01330750113899667 -0.05991115009033029
 -0.03183742206253519 0.08086942761232571 -0.06849735804980744
 -0.03250567411604113 0.06500801427910069 -0.04749858040335275
 0.08443128931270172 -0.02267058600064478 0.1198270935371978
 0.08525475331908736 -0.06241743171184887 0.09371662932565386
 0.1089589406788502 -0.04912663289282164 0.04215697487198131
 0.1176905280845821 -0.08522076626607072 -0.06608235005622026
 0.06422871280101231 -0.1186303669742033 -0.09967291655106397
 -0.04456103142663102 -0.07223559801874806 0.08109158581743517
 0.07462723174985691 0.1032945741408972 0.1163151790394757
 -0.08208744529650239 -0.0143134360902113 0.06052660789190406
 0.116823263245068 -0.09845537263315557 -0.08773769586603838
 0.08254765658287602 -0.06979794798363179 0.01568650711384473
 0.09989745655872692 -0.08142191233815832 0.01016367932172904
 0.09735851797147024 0.01458216684150362 -0.03734139493909781
 0.08084009104063197 0.1167292995757926 -0.09330041302211331
 -0.06159331973102179 -0.0808487545661378 -0.0107877772936097
 0.01244173720567351 -0.05993920352330638 -0.0898536373218667
 -0.03456459842369765 -0.02350774201900091 -0.05711947397777546
 0.1095699740464659 0.1060327441847562 -0.04432075573684481
 -0.05717155614683725 -0.0316261447882564 0.05165425567263904
 0.06945938758157522 0.04144414894665296 -0.0287124011321663
 0.07162546729036048 0.025250742449967 -0.09944664353607198


# name: Theta2
# type: matrix
# rows: 9
# columns: 33
 -0.06227509868433376 0.1072474254639753 0.0714352884216905 0.1105986158868131 -0.05442250984969284 0.04791656617254703 0.0951799683687331 -0.1012411190506587 0.07876803048869499 -0.0346243428401239 0.05363009501112784 -0.006204460627306674 -0.09769673034584131 0.1118229602564627 0.02781560778072847 0.1067094516239304 -0.007312745067853288 0.0005604496958307031 -0.004872928937395729 0.05544216768765442 -0.03225596334602225 0.05436719248116506 0.002740021589888855 -0.06317993308516792 0.09606854057051825 -0.09453545290006152 0.1102180788306639 0.09464042604922557 -0.0608987343219006 0.07541138666123079 -0.05628261844554083 -0.07112393857378047 0.08167779398483294
 -0.01273571914728017 0.01430513057136715 0.07480272671513646 0.005870278467146078 0.1171921220918962 0.03690788816867263 0.04049530010268243 -0.07869415947606762 -0.08766370845689775 -0.0467492995970329 0.05297809537089088 0.01172189571422785 0.0009488549615939007 -0.06200847161540297 -0.06879836467482678 -0.102330878488097 0.05074283284656542 -0.08879028861779198 0.05903190901621935 0.05178799334161521 0.09052817100257976 -0.03499477278373099 0.05649052554900169 0.09617724798366425 -0.02982492742115113 -0.07192136603995031 -0.04467445580039126 -0.08409791967637269 0.0007550847208896844 0.03292074917339588 0.07970789514832699 0.005419011722836237 0.006828220729991591
 0.07693050339486654 0.06512607998655276 -0.07941181444699605 -0.1025335057680866 0.02864214428376138 0.05463707484757752 -0.008657260592097177 0.003887918107795596 0.02229996538216591 0.04084012299126485 0.01692888912093657 -0.1184839021290274 -0.1192305184179636 0.05624262672275643 -0.05091248750380886 -0.04877780546649617 -0.06978134039662122 0.08868655916184739 0.07441843349342142 -0.04949581642665142 0.09329712179061181 -0.08506765117854792 -0.02623440256517358 -0.03745986930490021 0.09895186673461071 -0.01333771096958007 0.02671535650641732 -0.04853750988389258 0.06126132095418499 0.04152485999410441 -0.09836964027235658 -0.090897777929454 0.02380181973172446
 0.02280846777430026 -0.03422004920407722 -0.1061262892124449 0.06135559408102711 -0.0452029806856467 -0.069583830757485 -0.08724103304876832 -0.03201586938288253 -0.09434388020672389 0.0752742702267471 0.006929438303498875 0.04217236767428997 -0.06394756999904452 -0.07171980457051033 -0.09421128163883755 -0.08335653068112109 -0.09917936141446673 -0.1144080294194884 0.111115190907725 -0.02516587237893804 -0.1159991863246316 -0.0864577232719235 -0.07053284124543985 -0.06308670563241511 -0.04783798662223668 0.09991239125629595 0.07644920496212745 0.001605500712690291 0.06754177631680436 -0.1112230540874565 0.09603875327865979 0.1105379316721556 0.009680003844992652
 0.02349437413684577 -0.01074300599906129 -0.01895343996397321 0.1024882967924116 -0.0714027507372739 -0.001381886633193885 -0.05505539958773052 -0.01229607178822802 -0.1010401105575019 -0.001164616814676875 -0.1080104095055324 -0.08478412391680126 -0.06804075380389077 -0.008665359721534802 -0.1151326905418691 0.04042462346665932 0.1189584704614561 -0.04580442502538441 -0.0857534273004595 0.002426144345910652 0.09936351219646813 0.04984390145921969 0.07926978219017036 0.1134522506719601 0.04937438693500013 0.02192954295893129 -0.1031426568692037 -0.09932143942780682 -0.1090313069375516 0.01887421246973647 0.09095757783910208 -0.09638356314637382 0.01426537187228238
 -0.04863855103723429 0.009229422340970933 -0.005991652843965439 0.1057393915639986 -0.1179901568203409 -0.009487278675159749 0.003390243108129562 -0.1056414400208383 0.06522695434185827 -0.07243215148291936 -0.110516264628947 0.04952083281218006 0.1058383610449194 -0.07906171693269132 0.111101917764295 -0.0093236307118824 -0.003060277319045665 0.09798480165977727 -0.09388535230513101 0.06852642934635914 0.03940641006612672 -0.114676273270093 -0.06478654796910616 -0.1038750299509822 -0.02038667335425051 0.03290200354983053 0.004478729793576747 -0.08119270631281553 -0.07196320277558391 0.1121647219266578 0.1109494869066267 0.04343577681554942 -0.09012318846170099
 0.0894518076592197 0.1171958116215272 0.09542688058583557 0.04327977761088828 -0.0177181654369007 -0.09636824160046423 -0.1077598362303263 0.07858701582171673 -0.02369680622234289 0.1134485572119207 0.1161242167128599 -0.05784034518251413 0.03320057707201385 0.0501929129479855 -0.06793236384550386 0.1088269915012552 -0.05068864158841485 -0.1100804143836137 0.02129821726812772 -0.02409226811289596 0.02384448914300547 0.06860029443632615 -0.08567632652469451 -0.001675814733176156 0.0503792699820314 0.1189732167594889 -0.01451206422621157 -0.06211152660994625 0.008026417187134705 -0.04844162044354849 -0.09877654674799627 0.08464031779094519 -0.1133829319473269
 0.08453810938352022 0.03568979391823546 0.009316850722840386 -0.01658863864102313 0.004006819093530414 0.02656164828859767 -0.05062369208655673 -0.1117608247332158 0.03686086661889232 -0.01736587204802902 -0.05461004490351987 -0.06024370075640107 0.07180914000134395 -0.01063736226119429 0.1030313933556307 0.003676541041402442 -0.01605578731443652 -0.004499331496031947 -0.01713902482010837 0.01580626658753637 -0.1158019369359426 0.03784701235550433 0.02453483373557869 -0.1107900566873103 -0.0176501069737441 -0.07704039855164875 0.01658985781229808 0.007299123754130554 -0.1060529540467256 -0.055274586414701 -0.1072461011227732 -0.01867080695826362 0.04493207446730949
