# Created by Octave 4.0.0, Mon May 23 14:35:07 2016 PDT <ralph@the-cloud.local>
# name: X
# type: matrix
# rows: 100
# columns: 2
 1 1
 0 1
 1 0
 0 0
 0 0
 1 0
 1 0
 0 1
 0 1
 0 0
 1 1
 0 0
 1 0
 1 1
 1 1
 0 1
 0 1
 0 0
 1 1
 0 1
 1 1
 1 0
 1 0
 0 0
 0 1
 0 1
 0 0
 1 0
 0 1
 0 1
 1 0
 0 0
 0 1
 0 0
 0 0
 1 1
 1 1
 0 0
 1 0
 1 0
 0 0
 1 1
 1 1
 0 0
 1 1
 0 1
 1 0
 1 0
 0 0
 0 0
 0 1
 0 0
 0 0
 1 0
 1 0
 1 0
 0 1
 0 0
 0 1
 0 0
 0 0
 1 1
 0 1
 0 0
 1 0
 0 1
 1 0
 1 0
 1 0
 1 1
 0 0
 0 1
 0 1
 0 0
 1 1
 1 0
 0 1
 0 1
 1 0
 0 0
 0 0
 0 0
 0 0
 1 1
 0 1
 0 1
 0 1
 1 1
 0 0
 1 0
 0 1
 1 1
 1 1
 0 1
 1 0
 0 0
 0 0
 1 1
 1 0
 1 0


# name: y
# type: matrix
# rows: 100
# columns: 1
 2
 1
 1
 0
 0
 1
 1
 1
 1
 0
 2
 0
 1
 2
 2
 1
 1
 0
 2
 1
 2
 1
 1
 0
 1
 1
 0
 1
 1
 1
 1
 0
 1
 0
 0
 2
 2
 0
 1
 1
 0
 2
 2
 0
 2
 1
 1
 1
 0
 0
 1
 0
 0
 1
 1
 1
 1
 0
 1
 0
 0
 2
 1
 0
 1
 1
 1
 1
 1
 2
 0
 1
 1
 0
 2
 1
 1
 1
 1
 0
 0
 0
 0
 2
 1
 1
 1
 2
 0
 1
 1
 2
 2
 1
 1
 0
 0
 2
 1
 1


