# Created by Octave 4.0.0, Fri May 06 22:44:04 2016 PDT <ralph@whsky.local>
# name: X
# type: matrix
# rows: 1000
# columns: 2
 10 8
 6 29
 31 11
 13 32
 43 7
 36 4
 41 38
 42 39
 19 36
 18 33
 23 25
 13 27
 2 33
 5 12
 4 7
 11 17
 42 32
 26 34
 33 47
 11 10
 24 33
 48 34
 45 18
 30 10
 0 24
 24 47
 4 32
 31 9
 17 7
 22 12
 38 14
 15 5
 2 27
 29 17
 44 37
 6 20
 43 40
 44 17
 49 37
 22 3
 43 14
 0 11
 31 5
 28 49
 46 1
 15 12
 9 12
 30 17
 19 19
 30 26
 48 49
 0 38
 35 21
 11 23
 14 35
 11 45
 27 25
 48 19
 40 13
 42 9
 27 43
 41 20
 18 37
 19 48
 2 23
 26 8
 39 43
 43 8
 10 3
 30 27
 16 26
 13 31
 9 7
 26 5
 33 18
 46 44
 35 24
 43 43
 18 29
 49 30
 46 5
 22 17
 26 49
 45 14
 14 15
 16 33
 17 17
 42 4
 0 36
 1 8
 18 4
 35 30
 49 35
 32 33
 7 8
 17 33
 30 10
 32 33
 6 4
 34 25
 42 9
 49 27
 46 16
 3 39
 11 24
 30 19
 42 23
 31 17
 13 32
 5 49
 36 22
 45 44
 10 31
 0 43
 34 16
 21 33
 9 29
 43 46
 29 26
 22 37
 23 27
 41 19
 19 28
 29 35
 49 34
 11 46
 45 18
 2 28
 4 9
 23 48
 0 10
 28 25
 30 11
 11 35
 16 40
 47 36
 39 40
 43 13
 48 21
 28 44
 38 42
 9 0
 21 46
 20 16
 45 19
 19 40
 27 16
 0 33
 35 47
 11 44
 15 10
 5 10
 22 38
 22 8
 5 27
 0 4
 47 40
 48 11
 2 22
 21 28
 24 43
 31 15
 25 30
 26 20
 2 17
 38 1
 32 46
 42 29
 44 29
 0 9
 2 21
 9 46
 0 19
 43 46
 13 6
 19 24
 38 43
 43 23
 13 2
 30 13
 46 7
 8 44
 12 28
 37 49
 19 36
 9 37
 15 22
 30 9
 18 42
 1 44
 5 11
 47 7
 5 31
 40 5
 42 19
 4 48
 45 4
 4 21
 8 25
 9 37
 28 37
 44 8
 22 4
 41 24
 49 46
 5 21
 34 45
 38 18
 34 19
 27 31
 14 22
 19 44
 31 12
 5 36
 25 25
 22 33
 28 42
 33 3
 33 46
 8 39
 2 43
 33 43
 20 28
 17 9
 29 5
 2 26
 29 2
 26 14
 17 24
 36 24
 40 48
 4 15
 24 46
 21 44
 11 8
 24 11
 5 35
 20 3
 48 27
 39 12
 22 36
 17 11
 15 11
 36 36
 5 17
 24 31
 24 11
 47 49
 1 12
 7 47
 36 49
 22 48
 22 49
 1 3
 0 9
 16 23
 16 24
 26 10
 38 18
 10 30
 3 31
 44 4
 19 0
 29 20
 12 23
 15 3
 34 11
 24 40
 34 15
 33 42
 9 15
 43 9
 34 1
 38 48
 35 49
 28 45
 15 46
 8 14
 18 13
 18 1
 1 24
 45 37
 42 20
 20 40
 22 26
 22 44
 5 2
 4 34
 41 25
 37 2
 28 27
 29 29
 23 0
 27 23
 14 45
 29 11
 30 26
 13 19
 35 45
 16 13
 18 6
 37 46
 39 3
 8 36
 18 30
 13 7
 14 12
 22 23
 0 12
 21 34
 10 44
 29 17
 15 11
 17 20
 40 37
 32 29
 37 27
 35 46
 36 32
 34 10
 10 35
 14 43
 16 10
 44 19
 32 47
 39 4
 30 16
 46 1
 16 24
 42 37
 17 35
 22 16
 19 27
 38 25
 48 18
 33 48
 41 17
 13 23
 35 28
 32 4
 38 23
 32 40
 0 13
 22 39
 42 6
 15 15
 18 42
 38 24
 43 41
 12 14
 10 27
 20 13
 46 7
 44 24
 23 5
 13 28
 41 15
 37 5
 45 31
 42 1
 47 6
 32 43
 46 36
 2 19
 29 45
 20 39
 44 14
 11 24
 45 0
 20 5
 49 18
 24 16
 27 31
 9 47
 26 14
 39 20
 45 35
 46 1
 24 2
 46 34
 36 44
 43 25
 23 37
 22 22
 32 21
 12 4
 26 46
 49 13
 23 15
 11 24
 25 6
 31 14
 11 1
 46 2
 2 13
 14 0
 22 1
 29 37
 37 49
 48 0
 33 26
 27 42
 41 32
 34 13
 39 47
 43 32
 34 30
 15 41
 21 44
 48 10
 27 7
 8 37
 34 26
 25 20
 5 48
 38 8
 28 29
 19 31
 2 9
 31 22
 25 5
 37 33
 33 4
 2 8
 36 26
 22 15
 0 35
 13 9
 32 49
 49 6
 19 6
 16 23
 10 33
 0 38
 26 36
 26 28
 48 40
 7 34
 25 48
 15 9
 26 37
 31 29
 25 42
 30 40
 45 15
 14 5
 1 25
 8 39
 41 49
 40 43
 25 9
 0 13
 25 20
 16 43
 32 0
 25 15
 44 36
 49 34
 11 22
 22 21
 33 19
 45 35
 0 30
 28 15
 10 26
 4 10
 7 13
 26 49
 19 39
 24 5
 40 12
 41 1
 9 24
 31 25
 41 40
 7 0
 4 9
 3 29
 26 39
 19 13
 44 10
 5 17
 43 29
 17 29
 32 14
 18 17
 8 29
 12 35
 25 26
 47 38
 7 21
 28 0
 4 48
 13 11
 20 44
 0 13
 45 43
 1 21
 16 6
 6 0
 32 18
 11 36
 5 11
 27 23
 27 39
 36 19
 6 34
 15 47
 22 45
 32 14
 13 48
 17 31
 41 37
 6 47
 10 27
 29 31
 45 4
 48 13
 42 21
 13 38
 40 32
 19 9
 39 9
 38 12
 21 14
 34 44
 6 22
 9 47
 19 15
 39 5
 2 11
 23 21
 29 8
 13 49
 20 2
 41 49
 24 26
 9 13
 26 46
 42 25
 14 42
 32 36
 27 45
 33 37
 8 31
 45 37
 27 28
 11 41
 22 49
 17 19
 43 37
 13 47
 36 39
 3 2
 29 37
 7 42
 23 6
 6 4
 39 1
 6 4
 22 18
 12 23
 36 30
 44 13
 24 9
 14 4
 27 21
 8 0
 32 40
 27 23
 17 19
 47 19
 39 8
 2 45
 7 13
 16 6
 1 6
 48 9
 25 19
 2 39
 28 16
 2 10
 7 6
 7 16
 42 18
 47 19
 0 6
 10 6
 3 42
 0 11
 39 20
 3 31
 15 2
 16 16
 41 22
 21 22
 4 12
 5 19
 12 23
 12 11
 41 38
 27 41
 11 26
 18 35
 8 19
 48 48
 31 12
 44 10
 26 10
 49 33
 32 22
 40 41
 47 25
 0 9
 7 36
 45 3
 42 41
 48 14
 22 38
 2 12
 12 17
 19 26
 40 39
 6 9
 1 19
 46 8
 2 48
 39 34
 24 9
 13 46
 22 23
 18 0
 13 47
 11 41
 32 46
 15 8
 21 24
 26 9
 12 22
 5 18
 2 22
 19 0
 33 45
 48 17
 27 12
 43 21
 30 9
 26 2
 29 8
 48 6
 16 15
 36 43
 28 2
 34 42
 21 12
 42 6
 2 2
 17 15
 22 19
 25 39
 45 36
 4 0
 23 30
 21 26
 47 37
 33 37
 7 47
 5 41
 36 4
 32 29
 28 15
 2 20
 45 10
 45 12
 45 5
 40 37
 49 16
 3 34
 36 42
 41 24
 2 23
 5 40
 20 24
 22 25
 13 5
 42 23
 8 46
 11 34
 30 0
 16 49
 31 35
 9 23
 21 21
 37 0
 9 26
 6 6
 29 4
 19 46
 21 24
 7 20
 11 9
 21 11
 47 19
 23 25
 4 38
 46 3
 22 5
 25 42
 44 27
 14 7
 37 34
 33 40
 27 4
 20 30
 17 47
 6 3
 1 11
 36 30
 30 14
 13 43
 15 31
 23 22
 5 17
 17 8
 33 18
 16 32
 40 47
 23 48
 48 18
 28 8
 15 40
 2 32
 16 18
 9 27
 46 4
 40 30
 39 44
 6 47
 44 18
 15 5
 13 21
 4 49
 15 48
 46 33
 20 17
 8 39
 32 47
 2 4
 0 5
 13 24
 12 49
 38 37
 47 36
 40 1
 11 28
 20 1
 20 38
 48 22
 15 9
 46 21
 10 32
 31 12
 35 37
 33 43
 28 34
 26 34
 24 15
 0 37
 7 48
 22 32
 22 14
 3 15
 27 12
 18 2
 1 31
 0 34
 47 49
 39 34
 1 47
 6 39
 6 32
 43 12
 8 25
 14 47
 11 46
 11 25
 44 3
 48 2
 21 47
 25 30
 38 31
 27 17
 21 36
 48 17
 24 19
 48 39
 1 19
 39 13
 25 31
 21 26
 26 17
 31 31
 25 2
 3 21
 32 46
 37 1
 7 30
 45 27
 13 21
 19 6
 18 24
 0 2
 6 19
 27 40
 32 0
 7 49
 49 36
 37 0
 12 4
 12 9
 39 6
 39 0
 26 18
 19 37
 32 36
 4 16
 0 10
 48 12
 4 27
 19 20
 22 13
 37 17
 36 14
 35 24
 16 28
 25 21
 17 7
 25 1
 14 22
 17 47
 2 42
 29 37
 41 42
 19 34
 3 23
 36 10
 22 15
 35 31
 12 33
 35 30
 25 32
 23 46
 6 0
 13 5
 4 3
 48 41
 14 21
 3 11
 20 45
 36 22
 42 8
 34 18
 19 44
 44 43
 7 29
 3 15
 29 26
 28 23
 0 37
 34 24
 20 43
 13 41
 3 38
 11 49
 25 29
 48 47
 33 38
 36 30
 41 6
 35 10
 12 29
 5 14
 30 37
 38 47
 36 10
 25 42
 2 6
 45 6
 11 11
 30 18
 32 12
 24 18
 18 21
 46 16
 30 37
 48 14
 2 22
 9 24
 45 38
 44 16
 43 40
 41 38
 43 8
 13 9
 5 41
 28 19
 15 21
 42 17
 2 23
 27 3
 16 46
 20 3
 35 16
 1 43
 9 30
 13 13
 17 6
 6 32
 6 26
 4 16
 35 5
 6 9
 33 17
 34 11
 16 41
 13 44
 48 35
 29 0
 9 14
 31 32
 45 29
 22 39
 12 2
 1 35
 19 16
 1 46
 24 44
 18 6
 16 43
 34 5
 14 4
 4 48
 25 47
 29 21
 3 39
 34 46
 36 49
 46 43
 24 36
 48 15
 0 23
 5 45
 20 31
 12 1
 2 48
 22 42
 5 12
 25 18
 21 43
 12 44
 37 44
 45 42
 23 30
 7 28
 47 49
 42 18
 46 9
 2 11
 33 5
 39 18
 30 24
 1 17
 37 19
 17 7
 10 6
 40 17
 36 17
 38 28
 5 41
 14 26
 46 41
 9 18
 14 28
 4 14
 16 17
 3 41
 28 8
 10 30
 34 9
 25 3
 33 32
 35 6
 17 17
 4 29
 20 1
 9 2
 41 35
 38 30
 25 5
 28 25


